<CoordinateSystem> { Z-up } 
<Material> Mat {
  <Scalar> baser { 1 }
  <Scalar> baseg { 1 }
  <Scalar> baseb { 1 }
  <Scalar> emitr { 0.0 }
  <Scalar> emitg { 0 }
  <Scalar> emitb { 0.0 }
  <Scalar> emita { 1.0 }
  <Scalar> shininess { 1.0 }
  <Scalar> roughness { 0.4343145787715912 }
  <Scalar> metallic { 0.23999999463558197 }
  <Scalar> ior { 1.4500000476837158 }
  <Scalar> local { 0 }
}

<Texture> creature1Albedo.png.001 {
  "./tex/creature1Albedo.png"
  <Scalar> envtype { modulate }
  <Scalar> uv-name { UVW }
  <Scalar> minfilter { linear_mipmap_linear }
  <Scalar> magfilter { linear }
  <Scalar> wrapu { repeat }
  <Scalar> wrapv { repeat }
}

  <Group> L_handconstrain {
    <Transform> {
      <Matrix4> {
        -0.007843178696930408 0.006203591823577881 -1.265218929624723e-09 0.0 
        -0.0017061640974134207 -0.0021570951212197542 0.009614361450076103 0.0 
        0.005964356940239668 0.007540715392678976 0.0027502828743308783 0.0 
        0.8154503703117371 -0.7876816987991333 -0.01786232367157936 1.0 
      }
    }
    
  }
  <Group> R_handconstrain {
    <Transform> {
      <Matrix4> {
        0.009769964031875134 0.00212197657674551 0.00021216300956439227 0.0 
        -0.0007460521883331239 0.0043329703621566296 -0.00898157898336649 0.0 
        -0.0019977998454123735 0.008759142830967903 0.004391607362776995 0.0 
        -0.709743857383728 -0.7248448133468628 0.0 1.0 
      }
    }
    
  }
  <Group> footbase {
    <Transform> {
      <Matrix4> {
        0.009999999776482582 0.0 0.0 0.0 
        0.0 -4.3711387287537207e-10 0.009999999776482582 0.0 
        0.0 -0.009999999776482582 -4.3711387287537207e-10 0.0 
        0.0 0.0 0.0 1.0 
      }
    }
    
    <Group> L_leg_Pole {
      <Transform> {
        <Matrix4> {
          -0.9948415756225586 -0.10141803324222565 -0.002111123874783516 0.0 
          0.02882315218448639 -0.3025667369365692 0.9526922106742859 0.0 
          -0.09725893288850784 0.9477171301841736 0.3039292097091675 0.0 
          30.13930892944336 65.08163452148438 60.3806037902832 1.0 
        }
      }
      
    }
    <Group> R_leg_Pole {
      <Transform> {
        <Matrix4> {
          -0.9948415756225586 0.08372822403907776 0.05726766586303711 0.0 
          0.028826037421822548 -0.3079317808151245 0.9509716033935547 0.0 
          0.09725771099328995 0.947717010974884 0.30392977595329285 0.0 
          -32.863548278808594 64.01116180419922 60.3806037902832 1.0 
        }
      }
      
    }
    <Group> R_FOOT {
      <Transform> {
        <Matrix4> {
          1.0 0.0 0.0 0.0 
          0.0 1.0 3.552713678800501e-15 0.0 
          0.0 -3.552713678800501e-15 1.0 0.0 
          -29.230243682861328 24.40447235107422 -61.57855987548828 1.0 
        }
      }
      
      <Group> R_ankle_Goal {
        <Transform> {
          <Matrix4> {
            -0.9684783220291138 -0.055284176021814346 -0.24288548529148102 0.0 
            -0.20763126015663147 0.7178522348403931 0.6645128130912781 0.0 
            0.13761886954307556 0.6939969062805176 -0.7067031264305115 0.0 
            0.01824951171875 -0.6542690396308899 0.3408546447753906 1.0 
          }
        }
        
      }
    }
    <Group> L_FOOT {
      <Transform> {
        <Matrix4> {
          1.0 0.0 0.0 0.0 
          0.0 0.962637186050415 -0.27079448103904724 0.0 
          0.0 0.27079448103904724 0.962637186050415 0.0 
          26.246109008789062 25.083084106445312 51.99639129638672 1.0 
        }
      }
      
      <Group> L_ankle_Goal {
        <Transform> {
          <Matrix4> {
            -0.9684785008430481 -0.24384690821170807 -0.05087172985076904 0.0 
            -0.2076321393251419 0.6774256229400635 0.7056794166564941 0.0 
            -0.13761591911315918 0.6939979195594788 -0.7067025899887085 0.0 
            -0.018251419067382812 -0.4189596176147461 0.8008232116699219 1.0 
          }
        }
        
      }
    }
  }
  <Group> hipcontrol {
    <Transform> {
      <Matrix4> {
        0.009999999776482582 8.718756272507733e-10 6.408742980745785e-11 0.0 
        8.742278012618954e-10 -0.009973094798624516 -0.0007330568041652441 0.0 
        1.560966525308849e-15 0.0007330568041652441 -0.009973094798624516 0.0 
        -0.001481386716477573 0.09517358243465424 1.2203878164291382 1.0 
      }
    }
    
    <Group> headcontrol {
      <Transform> {
        <Matrix4> {
          0.9993454217910767 0.022325731813907623 0.028465835377573967 0.0 
          -0.035882316529750824 0.5115627646446228 0.858496367931366 0.0 
          0.004604496527463198 -0.8589559197425842 0.5120289921760559 0.0 
          -1.1771917343139648e-06 46.41270446777344 -114.60144805908203 1.0 
        }
      }
      
    }
    <Group> spinecontrol {
      <Transform> {
        <Matrix4> {
          1.0 -5.384581669432009e-15 -1.5899987992895603e-09 0.0 
          8.48859316171513e-11 0.9985734224319458 0.05339338630437851 0.0 
          1.5877317238732758e-09 -0.05339338630437851 0.9985734224319458 0.0 
          1.3171113729476929 1.2589588165283203 -29.66577911376953 1.0 
        }
      }
      
      <Group> chestcontrol {
        <Transform> {
          <Matrix4> {
            0.9672019481658936 -0.2065216451883316 -0.1478818953037262 0.0 
            0.23934824764728546 0.9359233379364014 0.2583794593811035 0.0 
            0.08504518121480942 -0.2853003740310669 0.9546575546264648 0.0 
            -1.1920928955078125e-07 -0.9150311946868896 -39.16201400756836 0.9999999403953552 
          }
        }
        
        <Group> L_arm_Goal {
          <Transform> {
            <Matrix4> {
              -0.2996506989002228 0.9346029758453369 -0.19164109230041504 0.0 
              0.02327723801136017 -0.19364964962005615 -0.9807944893836975 0.0 
              -0.9537649154663086 -0.29835668206214905 0.03627226501703262 0.0 
              48.245384216308594 -4.8115620613098145 -28.636930465698242 0.9999999403953552 
            }
          }
          
          <Group> L_arm_Pole {
            <Transform> {
              <Matrix4> {
                0.8668084740638733 1.4901161193847656e-08 0.49864107370376587 0.0 
                0.009096413850784302 0.9998334050178528 -0.015812672674655914 0.0 
                -0.4985581636428833 0.018242400139570236 0.8666641116142273 0.0 
                -94.71798706054688 1.0117988586425781 -26.373863220214844 0.9999999403953552 
              }
            }
            
          }
          <Group> L_wrist_Goal {
            <Transform> {
              <Matrix4> {
                0.8742307424545288 0.3888974189758301 0.2906533479690552 0.0 
                0.47808170318603516 -0.5852258205413818 -0.6549414992332458 0.0 
                -0.08460719883441925 0.711526095867157 -0.697547197341919 0.0 
                -13.007499694824219 -123.48545837402344 -33.91876983642578 0.9999999403953552 
              }
            }
            
          }
        }
        <Group> R_arm_Goal {
          <Transform> {
            <Matrix4> {
              0.29504963755607605 0.9417740106582642 -0.16126832365989685 0.0 
              0.051234304904937744 0.15294533967971802 0.986905574798584 0.0 
              0.9541071653366089 -0.29944854974746704 -0.003124713897705078 0.0 
              -50.984676361083984 14.275487899780273 -18.797311782836914 0.9999999403953552 
            }
          }
          
          <Group> R_wrist_Goal {
            <Transform> {
              <Matrix4> {
                0.2961660921573639 -0.7084012031555176 0.6406663656234741 0.0 
                -0.8076338171958923 0.17235834896564484 0.5639327168464661 0.0 
                -0.509914755821228 -0.6844416260719299 -0.5210819840431213 0.0 
                76.37881469726562 76.55499267578125 -63.96936798095703 0.9999999403953552 
              }
            }
            
          }
          <Group> R_arm_Pole {
            <Transform> {
              <Matrix4> {
                0.8666660785675049 2.60770320892334e-08 0.4988887310028076 0.0 
                -0.001012563705444336 0.9999977350234985 0.0017590224742889404 0.0 
                -0.49888768792152405 -0.002029627561569214 0.8666642904281616 0.0 
                -94.70084381103516 2.067061424255371 -26.37386703491211 0.9999999403953552 
              }
            }
            
          }
        }
        <Group> neckcontrol {
          <Transform> {
            <Matrix4> {
              0.9999999403953552 0.0 -2.9802322387695312e-08 0.0 
              -1.4901161193847656e-08 0.8639651536941528 0.5035514831542969 0.0 
              2.9802322387695312e-08 -0.5035514235496521 0.8639651536941528 0.0 
              -0.11117076873779297 16.806411743164062 -49.07275390625 0.9999999403953552 
            }
          }
          
        }
      }
    }
  }
  <Group> Armature {
    <Dart> { 1 }
    <Joint> hips {
      <Transform> {
        <Matrix4> {
          0.009999999776482582 0.0 0.0 0.0 
          0.0 -0.0098470039665699 0.0017425566911697388 0.0 
          0.0 -0.0017425579717382789 -0.0098470039665699 0.0 
          0.0 0.07498238980770111 1.413867473602295 1.0 
        }
      }
      <VertexRef> {
        1464 1497 2688 2700 2736 2738 7107 7138 8276 8281 8336 8343 11820
        <Scalar> membership { 0.000015 }  <Ref> { "mesh_1" }
      }
      <VertexRef> {
        1467 1498 7112 7141
        <Scalar> membership { 0.000763 }  <Ref> { "mesh_1" }
      }
      <VertexRef> {
        1468 1650 7111 7291
        <Scalar> membership { 0.001968 }  <Ref> { "mesh_1" }
      }
      <VertexRef> {
        1469 1512 1644 1649
        <Scalar> membership { 0.001862 }  <Ref> { "mesh_1" }
      }
      <VertexRef> {
        1470 1483 1495 1511
        <Scalar> membership { 0.000793 }  <Ref> { "mesh_1" }
      }
      <VertexRef> {
        1484 1487 1507 1514
        <Scalar> membership { 0.000366 }  <Ref> { "mesh_1" }
      }
      <VertexRef> {
        1488 1501 1510 1536
        <Scalar> membership { 0.000351 }  <Ref> { "mesh_1" }
      }
      <VertexRef> {
        1491 1502 1535 1705
        <Scalar> membership { 0.000046 }  <Ref> { "mesh_1" }
      }
      <VertexRef> {
        1504 1667 1707 1943 7127 7132 7152 7157 8280 8285 8337 8353
        <Scalar> membership { 0.000305 }  <Ref> { "mesh_1" }
      }
      <VertexRef> {
        1508 1513 1647 1652
        <Scalar> membership { 0.001785 }  <Ref> { "mesh_1" }
      }
      <VertexRef> {
        1509 1537 1655 1663 8079 8107 8157 8162
        <Scalar> membership { 0.001526 }  <Ref> { "mesh_1" }
      }
      <VertexRef> {
        1538 1662 1706 1944
        <Scalar> membership { 0.000824 }  <Ref> { "mesh_1" }
      }
      <VertexRef> {
        1640 1651 7285 7294
        <Scalar> membership { 0.006638 }  <Ref> { "mesh_1" }
      }
      <VertexRef> {
        1641 1672 7284 7317
        <Scalar> membership { 0.021912 }  <Ref> { "mesh_1" }
      }
      <VertexRef> {
        1642 1675 1948 2898 7283 7318 7591 8539
        <Scalar> membership { 0.023102 }  <Ref> { "mesh_1" }
      }
      <VertexRef> {
        1643 1645 1648 1947
        <Scalar> membership { 0.006378 }  <Ref> { "mesh_1" }
      }
      <VertexRef> {
        1646 1653 1656 1950
        <Scalar> membership { 0.006149 }  <Ref> { "mesh_1" }
      }
      <VertexRef> {
        1654 1659 1660 1671
        <Scalar> membership { 0.005646 }  <Ref> { "mesh_1" }
      }
      <VertexRef> {
        1657 1699 1949 2897 7300 7342 7590 8540
        <Scalar> membership { 0.023255 }  <Ref> { "mesh_1" }
      }
      <VertexRef> {
        1658 1668 1698 2747
        <Scalar> membership { 0.015473 }  <Ref> { "mesh_1" }
      }
      <VertexRef> {
        1661 1670 1708 1945
        <Scalar> membership { 0.005371 }  <Ref> { "mesh_1" }
      }
      <VertexRef> {
        1664 1711 1946 2741
        <Scalar> membership { 0.002533 }  <Ref> { "mesh_1" }
      }
      <VertexRef> {
        1665 2597 2739 2740 11815 11819
        <Scalar> membership { 0.000687 }  <Ref> { "mesh_1" }
      }
      <VertexRef> {
        1669 1709 1712 2746
        <Scalar> membership { 0.014420 }  <Ref> { "mesh_1" }
      }
      <VertexRef> {
        1673 1688 7316 7333
        <Scalar> membership { 0.104753 }  <Ref> { "mesh_1" }
      }
      <VertexRef> {
        1674 1676 1691 2899
        <Scalar> membership { 0.100542 }  <Ref> { "mesh_1" }
      }
      <VertexRef> {
        1677 1687 1690 1695
        <Scalar> membership { 0.216999 }  <Ref> { "mesh_1" }
      }
      <VertexRef> {
        1678 1694 1719 2905
        <Scalar> membership { 0.197742 }  <Ref> { "mesh_1" }
      }
      <VertexRef> {
        1679 1696 2896 2904
        <Scalar> membership { 0.091752 }  <Ref> { "mesh_1" }
      }
      <VertexRef> {
        1680 1685 7325 7328
        <Scalar> membership { 0.377981 }  <Ref> { "mesh_1" }
      }
      <VertexRef> {
        1681 1736 7324 7381
        <Scalar> membership { 0.553872 }  <Ref> { "mesh_1" }
      }
      <VertexRef> {
        1682 1732 1739 2466
        <Scalar> membership { 0.545876 }  <Ref> { "mesh_1" }
      }
      <VertexRef> {
        1683 1686 1692 2465
        <Scalar> membership { 0.369650 }  <Ref> { "mesh_1" }
      }
      <VertexRef> {
        1684 1689 7329 7332
        <Scalar> membership { 0.224262 }  <Ref> { "mesh_1" }
      }
      <VertexRef> {
        1693 1716 2468 2928
        <Scalar> membership { 0.345190 }  <Ref> { "mesh_1" }
      }
      <VertexRef> {
        1697 2744 2900 2907
        <Scalar> membership { 0.071977 }  <Ref> { "mesh_1" }
      }
      <VertexRef> {
        1700 1717 2924 2931
        <Scalar> membership { 0.298421 }  <Ref> { "mesh_1" }
      }
      <VertexRef> {
        1701 2837 2920 2927
        <Scalar> membership { 0.220432 }  <Ref> { "mesh_1" }
      }
      <VertexRef> {
        1702 2530 2836 2902
        <Scalar> membership { 0.095415 }  <Ref> { "mesh_1" }
      }
      <VertexRef> {
        1703 1718 2901 2906
        <Scalar> membership { 0.158877 }  <Ref> { "mesh_1" }
      }
      <VertexRef> {
        1710 1715 2742 2751
        <Scalar> membership { 0.009720 }  <Ref> { "mesh_1" }
      }
      <VertexRef> {
        1713 2529 2745 2903
        <Scalar> membership { 0.034943 }  <Ref> { "mesh_1" }
      }
      <VertexRef> {
        1714 2469 2532 2748
        <Scalar> membership { 0.031876 }  <Ref> { "mesh_1" }
      }
      <VertexRef> {
        1720 1727 2921 2926
        <Scalar> membership { 0.387793 }  <Ref> { "mesh_1" }
      }
      <VertexRef> {
        1721 1726 1766 1791
        <Scalar> membership { 0.557916 }  <Ref> { "mesh_1" }
      }
      <VertexRef> {
        1722 1790 2002 2850
        <Scalar> membership { 0.464652 }  <Ref> { "mesh_1" }
      }
      <VertexRef> {
        1723 2830 2849 2922
        <Scalar> membership { 0.296590 }  <Ref> { "mesh_1" }
      }
      <VertexRef> {
        1724 1731 2925 2930
        <Scalar> membership { 0.471366 }  <Ref> { "mesh_1" }
      }
      <VertexRef> {
        1725 1730 1750 1767
        <Scalar> membership { 0.665873 }  <Ref> { "mesh_1" }
      }
      <VertexRef> {
        1728 1735 2467 2929
        <Scalar> membership { 0.519921 }  <Ref> { "mesh_1" }
      }
      <VertexRef> {
        1729 1734 1746 1751
        <Scalar> membership { 0.706645 }  <Ref> { "mesh_1" }
      }
      <VertexRef> {
        1733 1738 1743 1747
        <Scalar> membership { 0.732097 }  <Ref> { "mesh_1" }
      }
      <VertexRef> {
        1737 1740 7380 7385
        <Scalar> membership { 0.738476 }  <Ref> { "mesh_1" }
      }
      <VertexRef> {
        1741 1752 7384 7397
        <Scalar> membership { 0.892119 }  <Ref> { "mesh_1" }
      }
      <VertexRef> {
        1742 1744 1755 1759
        <Scalar> membership { 0.886076 }  <Ref> { "mesh_1" }
      }
      <VertexRef> {
        1745 1748 1758 1763
        <Scalar> membership { 0.860716 }  <Ref> { "mesh_1" }
      }
      <VertexRef> {
        1749 1762 1764 1771
        <Scalar> membership { 0.746059 }  <Ref> { "mesh_1" }
      }
      <VertexRef> {
        1753 1772 7396 7417
        <Scalar> membership { 0.848737 }  <Ref> { "mesh_1" }
      }
      <VertexRef> {
        1754 1756 1775 1779
        <Scalar> membership { 0.831861 }  <Ref> { "mesh_1" }
      }
      <VertexRef> {
        1757 1760 1778 1783
        <Scalar> membership { 0.813779 }  <Ref> { "mesh_1" }
      }
      <VertexRef> {
        1761 1768 1782 1787
        <Scalar> membership { 0.729488 }  <Ref> { "mesh_1" }
      }
      <VertexRef> {
        1765 1770 1788 1795
        <Scalar> membership { 0.677104 }  <Ref> { "mesh_1" }
      }
      <VertexRef> {
        1769 1786 1792 1799
        <Scalar> membership { 0.664637 }  <Ref> { "mesh_1" }
      }
      <VertexRef> {
        1773 1955 7416 7600
        <Scalar> membership { 0.703014 }  <Ref> { "mesh_1" }
      }
      <VertexRef> {
        1774 1776 1958 1962 1963
        <Scalar> membership { 0.651331 }  <Ref> { "mesh_1" }
      }
      <VertexRef> {
        1777 1780 1966 1970
        <Scalar> membership { 0.655894 }  <Ref> { "mesh_1" }
      }
      <VertexRef> {
        1781 1784 1969 1974
        <Scalar> membership { 0.625879 }  <Ref> { "mesh_1" }
      }
      <VertexRef> {
        1785 1796 1973 1994
        <Scalar> membership { 0.586984 }  <Ref> { "mesh_1" }
      }
      <VertexRef> {
        1789 1794 1999 2006
        <Scalar> membership { 0.607065 }  <Ref> { "mesh_1" }
      }
      <VertexRef> {
        1793 1798 2003 2010 7420 7425 7609 7613
        <Scalar> membership { 0.662440 }  <Ref> { "mesh_1" }
      }
      <VertexRef> {
        1797 1993 2007 2014
        <Scalar> membership { 0.564569 }  <Ref> { "mesh_1" }
      }
      <VertexRef> {
        1956 1975 7599 7620
        <Scalar> membership { 0.608011 }  <Ref> { "mesh_1" }
      }
      <VertexRef> {
        1957 1959 1978 1982
        <Scalar> membership { 0.562600 }  <Ref> { "mesh_1" }
      }
      <VertexRef> {
        1960 1981 3351 3354
        <Scalar> membership { 0.420966 }  <Ref> { "mesh_1" }
      }
      <VertexRef> {
        1961 1964 2031 3350
        <Scalar> membership { 0.472282 }  <Ref> { "mesh_1" }
      }
      <VertexRef> {
        1965 1967 2034 2035
        <Scalar> membership { 0.491371 }  <Ref> { "mesh_1" }
      }
      <VertexRef> {
        1968 1971 2038 2039
        <Scalar> membership { 0.485618 }  <Ref> { "mesh_1" }
      }
      <VertexRef> {
        1972 1991 2042 2046
        <Scalar> membership { 0.469795 }  <Ref> { "mesh_1" }
      }
      <VertexRef> {
        1976 1983 7619 7628
        <Scalar> membership { 0.541863 }  <Ref> { "mesh_1" }
      }
      <VertexRef> {
        1977 1979 1986 1990
        <Scalar> membership { 0.509316 }  <Ref> { "mesh_1" }
      }
      <VertexRef> {
        1980 1989 3355 3358
        <Scalar> membership { 0.378607 }  <Ref> { "mesh_1" }
      }
      <VertexRef> {
        1984 2051 7627 7696
        <Scalar> membership { 0.508568 }  <Ref> { "mesh_1" }
      }
      <VertexRef> {
        1985 1987 2054 3362
        <Scalar> membership { 0.468269 }  <Ref> { "mesh_1" }
      }
      <VertexRef> {
        1988 3359 3365 3369
        <Scalar> membership { 0.344793 }  <Ref> { "mesh_1" }
      }
      <VertexRef> {
        1992 2011 2045 2047
        <Scalar> membership { 0.460090 }  <Ref> { "mesh_1" }
      }
      <VertexRef> {
        1995 2814 2908 2913
        <Scalar> membership { 0.071641 }  <Ref> { "mesh_1" }
      }
      <VertexRef> {
        1996 2813 2828 2844
        <Scalar> membership { 0.108980 }  <Ref> { "mesh_1" }
      }
      <VertexRef> {
        1997 2485 2831 2848 2853
        <Scalar> membership { 0.217380 }  <Ref> { "mesh_1" }
      }
      <VertexRef> {
        1998 2852 2909
        <Scalar> membership { 0.111803 }  <Ref> { "mesh_1" }
      }
      <VertexRef> {
        2000 2005 2015 2022
        <Scalar> membership { 0.537774 }  <Ref> { "mesh_1" }
      }
      <VertexRef> {
        2001 2018 2486 2851
        <Scalar> membership { 0.394568 }  <Ref> { "mesh_1" }
      }
      <VertexRef> {
        2004 2009 2019 2026
        <Scalar> membership { 0.646082 }  <Ref> { "mesh_1" }
      }
      <VertexRef> {
        2008 2013 2023 2030
        <Scalar> membership { 0.584436 }  <Ref> { "mesh_1" }
      }
      <VertexRef> {
        2012 2027 2050 2058
        <Scalar> membership { 0.476478 }  <Ref> { "mesh_1" }
      }
      <VertexRef> {
        2016 2021 2086 2091
        <Scalar> membership { 0.498344 }  <Ref> { "mesh_1" }
      }
      <VertexRef> {
        2017 2094 2487 2489
        <Scalar> membership { 0.362707 }  <Ref> { "mesh_1" }
      }
      <VertexRef> {
        2020 2025 2078 2083
        <Scalar> membership { 0.606180 }  <Ref> { "mesh_1" }
      }
      <VertexRef> {
        2024 2029 2062 2075
        <Scalar> membership { 0.628275 }  <Ref> { "mesh_1" }
      }
      <VertexRef> {
        2028 2057 2059 2066
        <Scalar> membership { 0.538048 }  <Ref> { "mesh_1" }
      }
      <VertexRef> {
        2032 3346 3353 3415
        <Scalar> membership { 0.303441 }  <Ref> { "mesh_1" }
      }
      <VertexRef> {
        2033 2036 3349 3450
        <Scalar> membership { 0.323064 }  <Ref> { "mesh_1" }
      }
      <VertexRef> {
        2037 2040 3449 3454
        <Scalar> membership { 0.323980 }  <Ref> { "mesh_1" }
      }
      <VertexRef> {
        2041 2043 3453 3458
        <Scalar> membership { 0.313085 }  <Ref> { "mesh_1" }
      }
      <VertexRef> {
        2044 2048 3457 3464
        <Scalar> membership { 0.305180 }  <Ref> { "mesh_1" }
      }
      <VertexRef> {
        2049 2055 3462 3463 11774
        <Scalar> membership { 0.294560 }  <Ref> { "mesh_1" }
      }
      <VertexRef> {
        2052 2145 7695 7786
        <Scalar> membership { 0.521645 }  <Ref> { "mesh_1" }
      }
      <VertexRef> {
        2053 2144 3363 3373
        <Scalar> membership { 0.470985 }  <Ref> { "mesh_1" }
      }
      <VertexRef> {
        2056 2063 3393 3409 11773
        <Scalar> membership { 0.367300 }  <Ref> { "mesh_1" }
      }
      <VertexRef> {
        2060 2065 2070 2071
        <Scalar> membership { 0.592416 }  <Ref> { "mesh_1" }
      }
      <VertexRef> {
        2061 2074 2076 2079
        <Scalar> membership { 0.635325 }  <Ref> { "mesh_1" }
      }
      <VertexRef> {
        2064 2067 3396 3408
        <Scalar> membership { 0.511727 }  <Ref> { "mesh_1" }
      }
      <VertexRef> {
        2068 2108 3388 3399
        <Scalar> membership { 0.596689 }  <Ref> { "mesh_1" }
      }
      <VertexRef> {
        2069 2072 2104 2107
        <Scalar> membership { 0.645823 }  <Ref> { "mesh_1" }
      }
      <VertexRef> {
        2073 2080 2099 2103
        <Scalar> membership { 0.670115 }  <Ref> { "mesh_1" }
      }
      <VertexRef> {
        2077 2082 2084 2087
        <Scalar> membership { 0.588815 }  <Ref> { "mesh_1" }
      }
      <VertexRef> {
        2081 2088 2102 2123
        <Scalar> membership { 0.595651 }  <Ref> { "mesh_1" }
      }
      <VertexRef> {
        2085 2090 2092 2095
        <Scalar> membership { 0.480613 }  <Ref> { "mesh_1" }
      }
      <VertexRef> {
        2089 2096 2126 2131
        <Scalar> membership { 0.481102 }  <Ref> { "mesh_1" }
      }
      <VertexRef> {
        2093 2098 2490 2493
        <Scalar> membership { 0.349523 }  <Ref> { "mesh_1" }
      }
      <VertexRef> {
        2097 2134 2494 2497
        <Scalar> membership { 0.350851 }  <Ref> { "mesh_1" }
      }
      <VertexRef> {
        2100 2106 2118 2121
        <Scalar> membership { 0.698344 }  <Ref> { "mesh_1" }
      }
      <VertexRef> {
        2101 2120 2124 2451
        <Scalar> membership { 0.604974 }  <Ref> { "mesh_1" }
      }
      <VertexRef> {
        2105 2110 2114 2115
        <Scalar> membership { 0.700435 }  <Ref> { "mesh_1" }
      }
      <VertexRef> {
        2109 2111 2139 3387
        <Scalar> membership { 0.665965 }  <Ref> { "mesh_1" }
      }
      <VertexRef> {
        2112 2142 7755 7785
        <Scalar> membership { 0.692668 }  <Ref> { "mesh_1" }
      }
      <VertexRef> {
        2113 2116 7754 7759
        <Scalar> membership { 0.717998 }  <Ref> { "mesh_1" }
      }
      <VertexRef> {
        2117 2122 2442 7758 7765 8086
        <Scalar> membership { 0.681651 }  <Ref> { "mesh_1" }
      }
      <VertexRef> {
        2119 2127 2444 2452
        <Scalar> membership { 0.601450 }  <Ref> { "mesh_1" }
      }
      <VertexRef> {
        2125 2132 2135 2450
        <Scalar> membership { 0.487388 }  <Ref> { "mesh_1" }
      }
      <VertexRef> {
        2128 2443 7771 8085
        <Scalar> membership { 0.601389 }  <Ref> { "mesh_1" }
      }
      <VertexRef> {
        2129 2454 7770 8097
        <Scalar> membership { 0.492622 }  <Ref> { "mesh_1" }
      }
      <VertexRef> {
        2130 2136 2449 2453
        <Scalar> membership { 0.491646 }  <Ref> { "mesh_1" }
      }
      <VertexRef> {
        2133 2138 2498 2501
        <Scalar> membership { 0.359503 }  <Ref> { "mesh_1" }
      }
      <VertexRef> {
        2137 2446 2456 2502
        <Scalar> membership { 0.367544 }  <Ref> { "mesh_1" }
      }
      <VertexRef> {
        2140 2143 3370 3383 3386
        <Scalar> membership { 0.519997 }  <Ref> { "mesh_1" }
      }
      <VertexRef> {
        2141 2146 7782 7789
        <Scalar> membership { 0.589960 }  <Ref> { "mesh_1" }
      }
      <VertexRef> {
        2434 2464 2514 2517
        <Scalar> membership { 0.001587 }  <Ref> { "mesh_1" }
      }
      <VertexRef> {
        2435 2459 2511 2513
        <Scalar> membership { 0.035218 }  <Ref> { "mesh_1" }
      }
      <VertexRef> {
        2436 2458 8077 8101
        <Scalar> membership { 0.037659 }  <Ref> { "mesh_1" }
      }
      <VertexRef> {
        2437 2461 8080 8106
        <Scalar> membership { 0.004410 }  <Ref> { "mesh_1" }
      }
      <VertexRef> {
        2438 2460 2506 2510
        <Scalar> membership { 0.120241 }  <Ref> { "mesh_1" }
      }
      <VertexRef> {
        2439 2445 2503 2505
        <Scalar> membership { 0.239231 }  <Ref> { "mesh_1" }
      }
      <VertexRef> {
        2440 2448 8081 8091
        <Scalar> membership { 0.240192 }  <Ref> { "mesh_1" }
      }
      <VertexRef> {
        2441 2457 8084 8102
        <Scalar> membership { 0.116762 }  <Ref> { "mesh_1" }
      }
      <VertexRef> {
        2447 2455 8088 8096
        <Scalar> membership { 0.368856 }  <Ref> { "mesh_1" }
      }
      <VertexRef> {
        2470 2531 2839 2846
        <Scalar> membership { 0.075959 }  <Ref> { "mesh_1" }
      }
      <VertexRef> {
        2471 2755 2812 2845
        <Scalar> membership { 0.069551 }  <Ref> { "mesh_1" }
      }
      <VertexRef> {
        2472 2704 2706 2749 2754
        <Scalar> membership { 0.023743 }  <Ref> { "mesh_1" }
      }
      <VertexRef> {
        2481 2761 2872 2915
        <Scalar> membership { 0.014710 }  <Ref> { "mesh_1" }
      }
      <VertexRef> {
        2482 2819 2856 2863 2875
        <Scalar> membership { 0.005142 }  <Ref> { "mesh_1" }
      }
      <VertexRef> {
        2483 2770 2772 2862
        <Scalar> membership { 0.000717 }  <Ref> { "mesh_1" }
      }
      <VertexRef> {
        2484 2719 2762 2769 3562 3566 5562 5570
        <Scalar> membership { 0.004120 }  <Ref> { "mesh_1" }
      }
      <VertexRef> {
        2488 2492 2727 2854
        <Scalar> membership { 0.215686 }  <Ref> { "mesh_1" }
      }
      <VertexRef> {
        2491 2496 2715 2728
        <Scalar> membership { 0.213870 }  <Ref> { "mesh_1" }
      }
      <VertexRef> {
        2495 2500 2716 2757
        <Scalar> membership { 0.217365 }  <Ref> { "mesh_1" }
      }
      <VertexRef> {
        2499 2504 2508 2758
        <Scalar> membership { 0.229526 }  <Ref> { "mesh_1" }
      }
      <VertexRef> {
        2507 2509 2759 2822
        <Scalar> membership { 0.115648 }  <Ref> { "mesh_1" }
      }
      <VertexRef> {
        2512 2516 2823 2833
        <Scalar> membership { 0.032944 }  <Ref> { "mesh_1" }
      }
      <VertexRef> {
        2633 2636 2691 2698 7136 7145 7180 7348
        <Scalar> membership { 0.000031 }  <Ref> { "mesh_1" }
      }
      <VertexRef> {
        2637 2640 2694 2712 7147 7310 7350 7588
        <Scalar> membership { 0.000458 }  <Ref> { "mesh_1" }
      }
      <VertexRef> {
        2641 2644 2711 2724
        <Scalar> membership { 0.000259 }  <Ref> { "mesh_1" }
      }
      <VertexRef> {
        2692 2701 2702 2737 11817
        <Scalar> membership { 0.001129 }  <Ref> { "mesh_1" }
      }
      <VertexRef> {
        2693 2705 2709 2713
        <Scalar> membership { 0.004517 }  <Ref> { "mesh_1" }
      }
      <VertexRef> {
        2703 2743 2750 11816
        <Scalar> membership { 0.005798 }  <Ref> { "mesh_1" }
      }
      <VertexRef> {
        2707 2718 2753 2763
        <Scalar> membership { 0.013352 }  <Ref> { "mesh_1" }
      }
      <VertexRef> {
        2708 2710 2721 2725
        <Scalar> membership { 0.002152 }  <Ref> { "mesh_1" }
      }
      <VertexRef> {
        2714 2729 2824 2843
        <Scalar> membership { 0.106752 }  <Ref> { "mesh_1" }
      }
      <VertexRef> {
        2717 2756 2821 2840
        <Scalar> membership { 0.109941 }  <Ref> { "mesh_1" }
      }
      <VertexRef> {
        2720 2722 2765 2768
        <Scalar> membership { 0.000504 }  <Ref> { "mesh_1" }
      }
      <VertexRef> {
        2726 2827 2855 2910
        <Scalar> membership { 0.108415 }  <Ref> { "mesh_1" }
      }
      <VertexRef> {
        2752 2760 2815 2912
        <Scalar> membership { 0.042344 }  <Ref> { "mesh_1" }
      }
      <VertexRef> {
        2816 2825 2842 2874
        <Scalar> membership { 0.034302 }  <Ref> { "mesh_1" }
      }
      <VertexRef> {
        2817 2820 2832 2841
        <Scalar> membership { 0.032868 }  <Ref> { "mesh_1" }
      }
      <VertexRef> {
        2818 2835 2857 2892
        <Scalar> membership { 0.005722 }  <Ref> { "mesh_1" }
      }
      <VertexRef> {
        2826 2873 2911 2914
        <Scalar> membership { 0.051438 }  <Ref> { "mesh_1" }
      }
      <VertexRef> {
        2829 2838 2847 2923
        <Scalar> membership { 0.148989 }  <Ref> { "mesh_1" }
      }
      <VertexRef> {
        3347 3418 3503 3507
        <Scalar> membership { 0.153658 }  <Ref> { "mesh_1" }
      }
      <VertexRef> {
        3348 3447 3506 3812
        <Scalar> membership { 0.172625 }  <Ref> { "mesh_1" }
      }
      <VertexRef> {
        3352 3357 3416 3419
        <Scalar> membership { 0.266575 }  <Ref> { "mesh_1" }
      }
      <VertexRef> {
        3356 3361 3420 3423
        <Scalar> membership { 0.225116 }  <Ref> { "mesh_1" }
      }
      <VertexRef> {
        3360 3368 3424 3427
        <Scalar> membership { 0.198886 }  <Ref> { "mesh_1" }
      }
      <VertexRef> {
        3364 3366 3372 3377
        <Scalar> membership { 0.332631 }  <Ref> { "mesh_1" }
      }
      <VertexRef> {
        3367 3376 3428 3431
        <Scalar> membership { 0.183566 }  <Ref> { "mesh_1" }
      }
      <VertexRef> {
        3371 3374 3378 3382
        <Scalar> membership { 0.326604 }  <Ref> { "mesh_1" }
      }
      <VertexRef> {
        3375 3381 3432 3435
        <Scalar> membership { 0.164202 }  <Ref> { "mesh_1" }
      }
      <VertexRef> {
        3379 3385 3402 3407
        <Scalar> membership { 0.277012 }  <Ref> { "mesh_1" }
      }
      <VertexRef> {
        3380 3406 3436 3439
        <Scalar> membership { 0.135836 }  <Ref> { "mesh_1" }
      }
      <VertexRef> {
        3384 3389 3398 3403
        <Scalar> membership { 0.445289 }  <Ref> { "mesh_1" }
      }
      <VertexRef> {
        3390 3401 3404 3414 11776
        <Scalar> membership { 0.196521 }  <Ref> { "mesh_1" }
      }
      <VertexRef> {
        3391 3395 3410 3488 11778
        <Scalar> membership { 0.233280 }  <Ref> { "mesh_1" }
      }
      <VertexRef> {
        3392 3412 3443 3487 3526
        <Scalar> membership { 0.081117 }  <Ref> { "mesh_1" }
      }
      <VertexRef> {
        3394 3461 3489 11775
        <Scalar> membership { 0.224155 }  <Ref> { "mesh_1" }
      }
      <VertexRef> {
        3397 3400 3411 11777
        <Scalar> membership { 0.339467 }  <Ref> { "mesh_1" }
      }
      <VertexRef> {
        3405 3413 3440 3446
        <Scalar> membership { 0.099657 }  <Ref> { "mesh_1" }
      }
      <VertexRef> {
        3417 3422 3485 3508
        <Scalar> membership { 0.129137 }  <Ref> { "mesh_1" }
      }
      <VertexRef> {
        3421 3426 3467 3486
        <Scalar> membership { 0.097337 }  <Ref> { "mesh_1" }
      }
      <VertexRef> {
        3425 3430 3468 3515
        <Scalar> membership { 0.073136 }  <Ref> { "mesh_1" }
      }
      <VertexRef> {
        3429 3434 3516 3519
        <Scalar> membership { 0.061982 }  <Ref> { "mesh_1" }
      }
      <VertexRef> {
        3433 3438 3471 3520
        <Scalar> membership { 0.029831 }  <Ref> { "mesh_1" }
      }
      <VertexRef> {
        3437 3442 3472 3475
        <Scalar> membership { 0.015640 }  <Ref> { "mesh_1" }
      }
      <VertexRef> {
        3441 3445 3476 3479
        <Scalar> membership { 0.015824 }  <Ref> { "mesh_1" }
      }
      <VertexRef> {
        3444 3480 3525 3534
        <Scalar> membership { 0.005554 }  <Ref> { "mesh_1" }
      }
      <VertexRef> {
        3448 3451 3500 3811
        <Scalar> membership { 0.173785 }  <Ref> { "mesh_1" }
      }
      <VertexRef> {
        3452 3455 3496 3499
        <Scalar> membership { 0.149966 }  <Ref> { "mesh_1" }
      }
      <VertexRef> {
        3456 3465 3492 3495
        <Scalar> membership { 0.138064 }  <Ref> { "mesh_1" }
      }
      <VertexRef> {
        3459 3466 3491 3527
        <Scalar> membership { 0.102632 }  <Ref> { "mesh_1" }
      }
      <VertexRef> {
        3460 3490 3523 3530
        <Scalar> membership { 0.071519 }  <Ref> { "mesh_1" }
      }
      <VertexRef> {
        3469 3518 3601 3608
        <Scalar> membership { 0.020294 }  <Ref> { "mesh_1" }
      }
      <VertexRef> {
        3470 3483 3558 3607
        <Scalar> membership { 0.030579 }  <Ref> { "mesh_1" }
      }
      <VertexRef> {
        3473 3478 3589 3594
        <Scalar> membership { 0.000992 }  <Ref> { "mesh_1" }
      }
      <VertexRef> {
        3474 3521 3593 3598
        <Scalar> membership { 0.001236 }  <Ref> { "mesh_1" }
      }
      <VertexRef> {
        3477 3482 3585 3590
        <Scalar> membership { 0.001633 }  <Ref> { "mesh_1" }
      }
      <VertexRef> {
        3484 3509 3514 3557
        <Scalar> membership { 0.042069 }  <Ref> { "mesh_1" }
      }
      <VertexRef> {
        3493 3498 3540 3543
        <Scalar> membership { 0.041123 }  <Ref> { "mesh_1" }
      }
      <VertexRef> {
        3494 3528 3536 3539
        <Scalar> membership { 0.024949 }  <Ref> { "mesh_1" }
      }
      <VertexRef> {
        3497 3502 3544 3547
        <Scalar> membership { 0.050797 }  <Ref> { "mesh_1" }
      }
      <VertexRef> {
        3501 3548 3551 3810
        <Scalar> membership { 0.070527 }  <Ref> { "mesh_1" }
      }
      <VertexRef> {
        3504 3510 3513 3553 5572
        <Scalar> membership { 0.051575 }  <Ref> { "mesh_1" }
      }
      <VertexRef> {
        3505 3552 3809
        <Scalar> membership { 0.085527 }  <Ref> { "mesh_1" }
      }
      <VertexRef> {
        3511 3556 5566
        <Scalar> membership { 0.013046 }  <Ref> { "mesh_1" }
      }
      <VertexRef> {
        3512 3559 5569 5573
        <Scalar> membership { 0.011322 }  <Ref> { "mesh_1" }
      }
      <VertexRef> {
        3517 3522 3597 3602
        <Scalar> membership { 0.014771 }  <Ref> { "mesh_1" }
      }
      <VertexRef> {
        3524 3529 3531 3535
        <Scalar> membership { 0.002075 }  <Ref> { "mesh_1" }
      }
      <VertexRef> {
        3541 3546 3570 3574
        <Scalar> membership { 0.006485 }  <Ref> { "mesh_1" }
      }
      <VertexRef> {
        3545 3550 3564 3567
        <Scalar> membership { 0.011337 }  <Ref> { "mesh_1" }
      }
      <VertexRef> {
        3549 3554 3565 5571
        <Scalar> membership { 0.023957 }  <Ref> { "mesh_1" }
      }
      <VertexRef> {
        3555 3610 3611 3657 5567
        <Scalar> membership { 0.004532 }  <Ref> { "mesh_1" }
      }
      <VertexRef> {
        3560 3614 3618 5568
        <Scalar> membership { 0.001938 }  <Ref> { "mesh_1" }
      }
      <VertexRef> {
        3600 3609 3653 3658
        <Scalar> membership { 0.002502 }  <Ref> { "mesh_1" }
      }
      <VertexRef> {
        7110 7155 7289 7292
        <Scalar> membership { 0.001846 }  <Ref> { "mesh_1" }
      }
      <VertexRef> {
        7113 7128 7140 7156 8335 8344 8347 8381 11823
        <Scalar> membership { 0.000778 }  <Ref> { "mesh_1" }
      }
      <VertexRef> {
        7131 7142 7153 7179
        <Scalar> membership { 0.000244 }  <Ref> { "mesh_1" }
      }
      <VertexRef> {
        7150 7178 7298 7306
        <Scalar> membership { 0.001511 }  <Ref> { "mesh_1" }
      }
      <VertexRef> {
        7151 7154 7290 7297
        <Scalar> membership { 0.001770 }  <Ref> { "mesh_1" }
      }
      <VertexRef> {
        7181 7303 7347 7587 9117 9162 9234 9241
        <Scalar> membership { 0.001205 }  <Ref> { "mesh_1" }
      }
      <VertexRef> {
        7286 7288 7293 7592
        <Scalar> membership { 0.006348 }  <Ref> { "mesh_1" }
      }
      <VertexRef> {
        7287 7296 7301 7593
        <Scalar> membership { 0.006119 }  <Ref> { "mesh_1" }
      }
      <VertexRef> {
        7295 7302 7305 7314
        <Scalar> membership { 0.005661 }  <Ref> { "mesh_1" }
      }
      <VertexRef> {
        7299 7313 7339 8390
        <Scalar> membership { 0.015503 }  <Ref> { "mesh_1" }
      }
      <VertexRef> {
        7304 7311 7353 7586
        <Scalar> membership { 0.007950 }  <Ref> { "mesh_1" }
      }
      <VertexRef> {
        7308 8241 8377 8380 8385 11821
        <Scalar> membership { 0.000565 }  <Ref> { "mesh_1" }
      }
      <VertexRef> {
        7309 7354 7589 8384
        <Scalar> membership { 0.003311 }  <Ref> { "mesh_1" }
      }
      <VertexRef> {
        7312 7352 7357 8387
        <Scalar> membership { 0.014786 }  <Ref> { "mesh_1" }
      }
      <VertexRef> {
        7315 7321 7334 8542
        <Scalar> membership { 0.100649 }  <Ref> { "mesh_1" }
      }
      <VertexRef> {
        7319 7335 7362 8548
        <Scalar> membership { 0.198306 }  <Ref> { "mesh_1" }
      }
      <VertexRef> {
        7320 7330 7331 7338
        <Scalar> membership { 0.217273 }  <Ref> { "mesh_1" }
      }
      <VertexRef> {
        7322 7341 8541 8549
        <Scalar> membership { 0.091966 }  <Ref> { "mesh_1" }
      }
      <VertexRef> {
        7323 7377 7382 8109
        <Scalar> membership { 0.546456 }  <Ref> { "mesh_1" }
      }
      <VertexRef> {
        7326 7327 7337 8110
        <Scalar> membership { 0.370092 }  <Ref> { "mesh_1" }
      }
      <VertexRef> {
        7336 7361 8111 8573
        <Scalar> membership { 0.346075 }  <Ref> { "mesh_1" }
      }
      <VertexRef> {
        7340 8389 8545 8550
        <Scalar> membership { 0.072313 }  <Ref> { "mesh_1" }
      }
      <VertexRef> {
        7343 8173 8481 8543
        <Scalar> membership { 0.095338 }  <Ref> { "mesh_1" }
      }
      <VertexRef> {
        7344 8480 8565 8570
        <Scalar> membership { 0.219196 }  <Ref> { "mesh_1" }
      }
      <VertexRef> {
        7345 7360 8569 8574
        <Scalar> membership { 0.299336 }  <Ref> { "mesh_1" }
      }
      <VertexRef> {
        7346 7359 8544 8547
        <Scalar> membership { 0.159762 }  <Ref> { "mesh_1" }
      }
      <VertexRef> {
        7351 7358 8383 8394
        <Scalar> membership { 0.009888 }  <Ref> { "mesh_1" }
      }
      <VertexRef> {
        7355 8114 8175 8393
        <Scalar> membership { 0.030777 }  <Ref> { "mesh_1" }
      }
      <VertexRef> {
        7356 8174 8388 8546
        <Scalar> membership { 0.035142 }  <Ref> { "mesh_1" }
      }
      <VertexRef> {
        7363 7431 7645 8491
        <Scalar> membership { 0.461814 }  <Ref> { "mesh_1" }
      }
      <VertexRef> {
        7364 7367 7407 7434
        <Scalar> membership { 0.558373 }  <Ref> { "mesh_1" }
      }
      <VertexRef> {
        7365 7370 8564 8567
